2 16593 14
2 14413 14
2 8905 14
28 13822 20
29 7892 21
30 7892 19
31 7892 26
32 13822 21
35 7892 23
39 10692 15
39 17041 15
71 742 6
71 6862 6
71 9768 6
71 9893 6
71 7438 6
71 7505 6
71 15886 6
71 18628 6
71 19403 6
97 7891 19
98 8929 20
99 7891 20
100 7891 23
101 7891 17
102 9837 21
103 6616 21
104 14458 16
104 7891 16
104 18243 16
104 3683 16
104 13285 16
105 7891 18
106 7891 18
107 13513 20
108 7891 20
109 7891 15
112 5119 19
114 18243 11
114 1314 11
114 6031 11
114 1099 11
114 1840 11
114 8452 11
114 13137 11
114 5832 11
114 19350 11
116 7891 14
116 8703 14
117 9327 21
117 875 21
117 7048 21
117 7913 21
118 281 11
119 6622 16
119 8629 16
119 15258 16
122 16967 17
123 6128 18
124 7149 12
124 8139 12
125 5660 18
125 11883 18
125 6030 18
126 8916 18
127 13822 25
128 15549 26
129 8179 21
130 3765 21
130 13822 21
131 13822 29
132 15058 29
132 14340 29
132 3778 29
132 11028 29
132 3761 29
132 1281 29
132 3755 29
133 13822 24
134 12565 25
135 13822 69
136 7891 22
137 13822 53
138 13822 49
139 13822 44
140 13822 50
141 13822 51
142 13822 62
143 13822 39
144 13822 57
145 13822 36
146 13822 45
147 13822 41
148 13822 49
149 13822 36
150 16012 36
151 13822 43
152 13822 48
153 13822 29
154 13822 40
155 13822 32
156 13822 27
157 13822 53
158 13822 30
159 18502 10
159 19712 10
159 15886 10
159 16801 10
160 13822 28
161 13822 43
162 13822 34
163 13822 38
164 13822 27
165 13822 43
166 13822 12
167 13822 24
168 13822 35
169 13822 36
170 13822 23
171 13822 27
172 13822 46
173 13822 34
174 13822 58
175 13822 43
176 13822 48
177 3767 33
178 13822 36
179 13822 38
180 13822 47
181 13822 50
182 13822 64
183 13822 38
184 13822 72
185 13822 36
186 13822 39
187 13822 26
188 13822 28
189 13822 40
190 13822 44
191 13822 58
192 13822 36
193 13822 36
194 13822 61
195 13822 52
196 13822 30
197 13822 70
198 15593 9
198 10603 9
199 13822 54
200 13822 40
201 13822 38
202 13822 37
203 13822 43
204 13822 46
205 13822 68
206 13822 38
207 13822 49
208 13822 54
209 13822 49
210 13822 52
211 13822 59
212 13822 77
213 13822 59
214 13822 48
215 13822 47
216 13822 56
217 13822 33
218 13822 50
219 13822 58
220 18682 38
220 3757 38
221 13822 53
223 13822 37
224 13822 46
225 13822 28
226 13822 54
227 13822 55
229 13822 53
230 13822 56
231 13822 28
232 13822 46
233 13822 44
234 13822 48
235 13822 52
236 13822 43
237 13822 21
238 13822 42
239 13822 47
240 13822 49
241 13822 51
242 13822 15
243 13822 53
244 13822 40
245 13822 45
246 13822 49
247 13822 42
248 13822 30
249 13822 35
250 13822 36
251 13822 45
252 13822 21
253 13822 35
254 13822 37
255 13822 19
256 13822 57
257 13822 18
258 16648 27
259 13822 33
260 13822 26
261 13822 45
262 16648 26
263 16648 24
264 13822 42
265 18641 17
266 16648 24
267 18964 23
268 13822 22
269 10791 19
271 9240 20
274 16648 21
277 695 25
277 9360 25
278 16648 19
278 15117 19
279 19386 10
280 11496 21
280 11029 21
280 14147 21
281 17939 17
283 6645 18
284 7982 26
285 16648 22
287 16648 26
289 19024 19
290 942 27
292 11161 10
292 20152 10
293 14841 21
294 11112 17
296 10400 21
296 11540 21
297 8917 21
297 16648 21
298 16086 17
298 14032 17
299 626 25
300 16648 23
300 5887 23
301 16648 26
304 2156 11
304 18803 11
304 16779 11
304 2025 11
304 11549 11
304 17404 11
305 15618 15
305 16641 15
305 13508 15
306 16648 19
307 16648 22
308 16648 26
309 16648 21
311 8461 14
311 14377 14
312 16648 24
314 16122 41
315 3757 38
316 16122 40
317 6087 35
318 15794 28
319 18726 35
319 9330 35
319 17021 35
320 16122 24
321 2935 26
322 16122 30
322 4973 30
323 11029 23
323 3757 23
323 1365 23
323 2040 23
323 4710 23
323 19041 23
323 15705 23
323 11315 23
323 12969 23
323 17478 23
323 19546 23
324 16122 36
325 14844 35
325 16122 35
326 16122 34
327 16122 31
328 16122 33
329 3760 31
330 16122 34
330 18918 34
331 19026 16
332 1121 11
332 4264 11
332 18953 11
333 18917 26
333 8516 26
334 16122 31
335 16122 41
336 16122 32
336 6559 32
337 8820 30
338 11691 32
339 16122 30
340 18917 26
341 16122 29
341 15767 29
341 18917 29
342 16122 25
342 9253 25
343 7753 27
344 16122 29
345 9253 30
346 16122 29
347 15231 28
348 16691 12
349 16122 35
350 16122 21
351 16122 32
352 4177 24
352 18911 24
353 9902 28
354 3751 34
355 18918 27
356 16122 30
357 16122 33
358 12225 34
358 16934 34
358 13200 34
358 1747 34
358 11691 34
358 17021 34
358 19644 34
359 16122 35
360 16122 28
361 16122 36
362 16122 29
363 18726 30
364 18918 30
365 14347 29
365 13432 29
366 19041 28
367 19601 26
368 3790 33
369 16122 35
370 13320 22
370 13831 22
370 19384 22
371 19041 30
372 19384 28
373 16122 22
374 16122 31
375 16122 33
376 4010 28
376 12930 28
376 14347 28
377 16122 28
377 3254 28
378 16122 23
379 16122 30
380 16122 31
381 16122 19
382 1010 20
382 18921 20
382 11017 20
383 1419 23
384 16122 33
385 16122 33
386 17481 24
386 14054 24
387 1419 29
387 527 29
388 16122 33
389 16122 30
390 16122 37
391 16122 26
391 13653 26
391 14347 26
391 18918 26
392 10431 12
392 5787 12
393 16122 28
394 16122 23
395 16122 24
398 16122 32
399 16122 29
400 2554 19
401 16122 33
402 17887 26
402 13966 26
405 18661 21
405 18767 21
405 9469 21
407 3752 21
407 10483 21
409 707 14
410 18370 27
413 16122 27
414 15352 19
414 16122 19
414 912 19
419 13677 23
419 1392 23
419 2048 23
419 828 23
419 1680 23
420 3467 27
421 19601 29
422 13766 33
423 16460 12
423 14029 12
423 18594 12
423 11029 12
423 16493 12
423 2048 12
423 3258 12
424 17050 40
425 4620 42
426 4620 40
427 13633 36
428 4620 40
428 6195 40
429 6857 33
429 13748 33
430 9130 24
430 11326 24
430 1490 24
431 13853 37
433 19585 24
434 4620 41
435 4620 37
435 3755 37
435 6625 37
435 13165 37
436 14327 50
437 4620 50
438 4620 54
439 4620 41
439 3766 41
440 4620 39
441 3770 40
442 3784 35
442 11886 35
443 13499 23
443 14516 23
443 6548 23
443 13003 23
448 3751 28
449 4620 40
450 4620 37
450 19197 37
450 3752 37
451 5129 25
453 1164 17
453 1167 17
453 16366 17
454 4620 29
455 4133 17
456 4620 38
457 18675 26
457 6816 26
457 1710 26
457 11029 26
458 4620 32
459 13408 23
460 585 23
460 3757 23
461 13155 24
462 12048 30
463 13612 30
464 16369 41
465 3755 32
466 7743 33
466 7307 33
466 15258 33
467 3751 37
467 10692 37
467 16219 37
468 16463 29
468 20245 29
468 18448 29
468 10847 29
469 9276 24
470 6768 39
470 19767 39
472 12814 18
474 17940 18
475 6308 34
475 6309 34
476 4252 26
478 4620 50
479 4620 49
480 4620 47
481 3755 46
482 4620 56
483 12898 39
484 11613 24
484 11601 24
484 10295 24
484 16124 24
485 3755 37
485 8709 37
486 4620 31
487 3791 25
487 3766 25
489 12632 27
489 7344 27
489 18241 27
491 4620 38
492 17186 33
493 3755 38
494 4620 27
494 4623 27
495 19452 18
496 6546 13
496 3582 13
497 16469 36
497 7913 36
497 1405 36
497 18520 36
498 3755 29
498 7744 29
499 4620 34
500 12764 30
501 4620 36
502 14623 39
502 17062 39
503 4623 30
504 18294 25
505 8977 38
506 4623 49
507 7526 36
507 1074 36
507 13581 36
508 18080 21
509 8891 23
509 13000 23
509 11159 23
510 1670 27
510 2178 27
511 4623 35
512 4623 35
513 4623 53
514 4623 58
515 4623 39
516 4623 43
517 4623 42
518 10693 16
519 5714 24
519 6359 24
520 4623 55
521 4623 56
522 4623 51
523 4623 58
524 14870 45
525 13994 26
526 9816 28
527 14051 15
528 19041 46
530 8824 38
531 14685 31
532 39 27
532 527 27
533 9249 16
533 11016 16
533 13212 16
534 18528 37
537 4236 25
537 13330 25
538 4623 34
539 4623 49
540 4910 19
542 4623 45
543 4623 42
544 17992 17
544 19114 17
544 560 17
544 16881 17
545 4623 20
546 19516 30
547 4267 11
547 1219 11
548 16470 15
549 17842 22
550 4623 27
551 4623 18
553 16829 23
554 8472 15
555 12723 15
555 10213 15
557 16567 16
558 4623 26
559 3512 20
559 11154 20
560 1459 20
560 3757 20
560 18678 20
560 19531 20
560 2359 20
560 3762 20
560 7072 20
560 10445 20
561 831 28
562 4614 43
563 3824 15
564 6902 49
564 4133 49
565 9158 36
567 1230 19
567 10847 19
568 3770 25
569 12914 49
570 3775 35
570 2764 35
571 3791 40
572 12597 29
572 1856 29
572 1602 29
572 1695 29
572 605 29
572 19589 29
572 18822 29
573 8456 20
573 3757 20
573 1787 20
573 15971 20
573 17270 20
573 1379 20
574 19123 13
574 2373 13
574 12971 13
574 2025 13
574 889 13
577 13449 28
577 11016 28
583 17806 36
584 5149 23
590 18004 10
590 5143 10
590 1454 10
590 7046 10
590 8268 10
590 13654 10
590 11610 10
591 4620 23
593 724 16
593 1285 16
598 17544 9
599 12965 22
599 15302 22
599 3842 22
600 4624 38
601 10712 34
601 3753 34
601 11019 34
602 3060 18
602 6374 18
602 16579 18
602 16649 18
602 15618 18
603 9199 29
604 765 31
605 13269 23
606 5930 23
606 15006 23
606 10689 23
607 13269 23
607 895 23
607 16355 23
608 13269 24
609 1733 30
610 15797 46
611 2038 42
612 4624 56
613 4624 46
614 4624 47
615 4624 44
616 4624 31
617 4624 46
618 13114 18
619 4624 22
620 3766 39
623 4615 23
623 5637 23
623 15989 23
624 18392 16
624 14925 16
624 10690 16
624 492 16
624 10225 16
625 8594 30
626 4615 28
627 4615 27
627 6859 27
628 4615 29
629 4615 25
630 4615 26
631 79 23
632 2485 14
632 6691 14
633 17556 21
634 15641 21
634 4615 21
634 7271 21
634 10295 21
635 4615 37
636 4615 35
637 4615 42
638 4615 40
639 3757 39
640 4615 30
641 4615 47
642 4615 38
643 4615 37
644 4615 41
645 1431 11
647 4615 31
648 4615 24
649 4615 27
650 4615 31
652 4615 24
653 9149 19
654 18998 43
655 4615 26
656 2850 30
657 19707 35
658 16077 21
659 13148 24
661 2289 19
663 609 20
663 8815 20
663 7032 20
663 11958 20
663 15841 20
665 17204 18
666 17974 18
667 10445 16
669 5712 15
671 8828 28
673 2507 21
674 16855 26
675 5330 22
676 3596 35
676 3813 35
676 1485 35
677 3813 36
678 1228 37
680 10680 23
681 828 23
682 172 23
682 7695 23
683 1680 30
683 12646 30
685 5194 16
685 825 16
685 16234 16
686 6073 30
686 9796 30
690 18225 36
691 11270 29
691 16819 29
691 15428 29
691 11016 29
692 10374 36
693 13114 35
693 8532 35
694 20001 34
695 8955 31
695 13905 31
696 3784 28
699 8845 30
699 3753 30
699 3751 30
699 4505 30
699 5024 30
700 233 21
701 9130 38
702 3814 42
703 3758 35
704 3794 32
704 18509 32
704 13743 32
704 16016 32
705 18675 39
705 8996 39
707 7932 35
708 4615 33
709 6733 21
709 5050 21
710 12306 27
711 6186 31
711 8902 31
712 4615 30
712 19044 30
712 8612 30
713 4615 30
715 6727 30
716 1563 37
717 3790 24
717 10981 24
717 16845 24
717 5730 24
717 14625 24
717 16567 24
721 3258 26
722 19983 19
723 9003 23
724 10875 31
725 503 23
725 6309 23
725 4232 23
727 11019 28
729 4251 40
730 12309 27
731 12314 19
731 5139 19
733 18133 13
733 4364 13
733 16016 13
734 6478 22
734 13268 22
735 9060 25
735 11511 25
736 7595 16
736 19814 16
740 9898 19
749 8445 29
750 13113 20
751 10671 30
751 48 30
751 63 30
753 14533 26
757 13222 11
757 16526 11
757 3859 11
757 7883 11
757 16281 11
757 17849 11
758 5333 14
758 5904 14
758 14693 14
758 17961 14
759 20245 25
759 11016 25
759 7150 25
771 4620 19
781 2276 21
781 9130 21
781 8848 21
781 13114 21
781 626 21
781 11016 21
782 3867 28
782 566 28
785 14781 16
795 11644 16
795 6036 16
795 10264 16
795 17268 16
795 2715 16
830 13413 18
830 4050 18
830 6847 18
833 17273 16
836 5124 16
836 19393 16
871 4620 17
890 11019 14
890 14282 14
890 6313 14
890 7090 14
890 9122 14
904 10738 10
904 17273 10
904 12785 10
905 6976 14
908 11016 12
919 7774 17
929 10511 14
929 2069 14
929 17311 14
929 5139 14
937 1813 9
937 12998 9
937 3701 9
937 1563 9
937 9112 9
937 11019 9
937 12010 9
937 13290 9
937 15114 9
937 18512 9
937 2914 9
939 5749 11
968 1618 8
968 5716 8
968 14115 8
968 15702 8
968 6260 8
968 5568 8
968 6579 8
968 6917 8
968 11826 8
968 11827 8
968 18060 8
1008 4977 7
1008 14818 7
1008 2417 7
1008 19119 7
1042 16441 4
1042 15735 4
1252 1596 8
1252 3717 8
1252 7747 8
1252 11571 8
1252 15426 8
1252 15926 8
1256 9159 9
1256 11586 9
1256 1564 9
1263 12807 10
1263 15135 10
1263 461 10
1263 1446 10
1263 18338 10
1266 17357 8
1266 18958 8
1273 6717 14
1273 12581 14
1278 2596 10
1278 18467 10
1281 10652 10
1286 8830 12
1286 12800 12
1286 16622 12
1286 18548 12
1286 15116 12
1289 7583 13
1289 12091 13
1289 764 13
1289 8574 13
1294 9827 8
1294 9988 8
1294 10781 8
1294 15419 8
1294 6510 8
1294 11017 8
1295 15689 4
1295 15690 4
1295 15694 4
1299 17193 9
1299 12167 9
1299 3772 9
1306 12857 10
1309 17105 8
